extrinsic
0.999250 0.022676 -0.031411 0.040000
-0.030745 -0.029150 -0.999102 1.570000
-0.023571 0.999318 -0.028431 -2.080000
0.000000 0.000000 0.000000 1.000000

# 0.999249 0.020059 -0.033155 0.046851
# -0.032435 -0.035209 -0.998854 1.578958
# -0.021203 0.999179 -0.034532 -2.150503
# 0.000000 0.000000 0.000000 1.000000

# 0.999655 0.019625 0.017452 -0.088234
# 0.017666 -0.010768 -0.999786 1.423433
# -0.019433 0.999750 -0.011111 -1.995895
# 0.000000 0.000000 0.000000 1.000000

# lidar坐标系到camera坐标系的基变换矩阵
